[gd_scene load_steps=4 format=2]

[ext_resource path="res://doggostiff.gd" type="Script" id=1]
[ext_resource path="res://Low-poly_hund.tres" type="ArrayMesh" id=2]

[sub_resource type="BoxShape" id=1]
extents = Vector3( 0.728382, 0.59395, 1 )

[node name="dog" type="KinematicBody"]
transform = Transform( 0.991, 0, 0.133865, 0, 1, 0, -0.133865, 0, 0.991, 0, 0, 0 )
script = ExtResource( 1 )

[node name="doggo" type="MeshInstance" parent="."]
transform = Transform( 0.153986, 0, 0.988073, 0, 1, 0, -0.988073, 0, 0.153986, -0.0685071, -0.090387, -0.232513 )
mesh = ExtResource( 2 )
material/0 = null

[node name="hand" type="Spatial" parent="doggo"]
transform = Transform( -1.62921e-07, 0.147585, -0.989049, 1, -1.37092e-07, -1.85182e-07, -1.62921e-07, -0.989049, -0.147585, 1.57797, 2.55094, -0.28708 )

[node name="reach" type="RayCast" parent="doggo"]
transform = Transform( 0.0201312, -0.227461, -0.973577, 0.999795, 0.0023438, 0.0201258, -0.00229597, -0.973783, 0.227461, -0.26481, 0.161276, -0.402908 )
enabled = true
cast_to = Vector3( 0, -1, -5 )

[node name="CollisionShape" type="CollisionShape" parent="."]
transform = Transform( 0.17897, 0, 0.995988, 0, 2, 0, -1.99198, 0, 0.0894852, -0.0174703, 1.30337, -0.285638 )
shape = SubResource( 1 )

[node name="head" type="Spatial" parent="."]
transform = Transform( 1, 0, 0, 0, 0.968326, 0.249687, 0, -0.249687, 0.968326, 0.616352, 6.29132, 5.78002 )

[node name="Camera" type="Camera" parent="head"]
transform = Transform( 0.999987, 0.00120831, -0.00493307, -0.000749576, 0.995763, 0.0919553, 0.00502328, -0.0919504, 0.995751, -1.33536, 1.41108, 5.70453 )
