[gd_scene load_steps=5 format=2]

[ext_resource path="res://scripts/doggostiff.gd" type="Script" id=1]
[ext_resource path="res://.import/Official-gamedoggy.tres" type="ArrayMesh" id=2]
[ext_resource path="res://sounds/dog-bark.ogg" type="AudioStream" id=3]

[sub_resource type="BoxShape" id=1]
extents = Vector3( 0.281148, 0.21381, 0.22573 )

[node name="dog" type="KinematicBody"]
transform = Transform( -0.0463739, 0, 0.998925, 0, 1, 0, -0.998925, 0, -0.0463739, 0, 0, 0 )
script = ExtResource( 1 )

[node name="doggo" type="MeshInstance" parent="."]
transform = Transform( -0.0017981, 0, 0.999997, 0, 1, 0, -0.999997, 0, -0.0017981, 0.0125309, 0.00694212, 0.0111331 )
mesh = ExtResource( 2 )
material/0 = null
material/1 = null
material/2 = null
material/3 = null
material/4 = null
material/5 = null
material/6 = null
material/7 = null

[node name="head" type="Spatial" parent="."]
transform = Transform( 1, -7.45058e-09, -1.49012e-08, 0, 0.968326, 0.249687, -1.49012e-08, -0.249687, 0.968325, 0.837335, 0.380809, 1.01989 )

[node name="Camera" type="Camera" parent="head"]
transform = Transform( 0.999987, 0.00120831, -0.00493304, -0.000749576, 0.995763, 0.0919556, 0.00502328, -0.0919504, 0.995751, -0.921631, 1.08783, 1.71308 )

[node name="AudioStreamPlayer" type="AudioStreamPlayer" parent="."]
stream = ExtResource( 3 )

[node name="CollisionShape" type="CollisionShape" parent="."]
transform = Transform( 0.403513, 0, -0.0276911, 0, 0.933875, 0, -0.0276912, 0, 0.998713, 0, 0.2133, 0 )
shape = SubResource( 1 )
