[gd_scene load_steps=13 format=2]

[ext_resource path="res://doggostiff.gd" type="Script" id=1]
[ext_resource path="res://doggostiff.tscn" type="PackedScene" id=2]
[ext_resource path="res://RigidBody.gd" type="Script" id=3]

[sub_resource type="BoxShape" id=1]
extents = Vector3( 15, 1, 15 )

[sub_resource type="SpatialMaterial" id=2]
albedo_color = Color( 0.360784, 0.313726, 0.313726, 1 )

[sub_resource type="CubeMesh" id=3]
material = SubResource( 2 )
size = Vector3( 30, 2, 30 )

[sub_resource type="BoxShape" id=4]
extents = Vector3( 1.00225, 1, 1.01111 )

[sub_resource type="CubeMesh" id=5]

[sub_resource type="SpatialMaterial" id=6]
albedo_color = Color( 0.0980392, 0.298039, 0.647059, 1 )

[sub_resource type="BoxShape" id=7]

[sub_resource type="CubeMesh" id=8]

[sub_resource type="SpatialMaterial" id=9]
albedo_color = Color( 0.0862745, 0.301961, 0.0431373, 1 )

[node name="Level" type="Spatial"]

[node name="KitchenFloor" type="StaticBody" parent="."]
transform = Transform( 1, 0, 0, 0, 1, 0, 0, 0, 1, 0, -1, 0 )

[node name="CollisionShape" type="CollisionShape" parent="KitchenFloor"]
shape = SubResource( 1 )

[node name="MeshInstance" type="MeshInstance" parent="KitchenFloor"]
transform = Transform( 1, 0, 0, 0, 1, 0, 0, 0, 1, -1.38144, -0.320074, -1.06388 )
mesh = SubResource( 3 )
material/0 = null

[node name="doggostiff" parent="." instance=ExtResource( 2 )]
transform = Transform( 1.19249e-08, 0, -1, 0, 1, 0, 1, 0, 1.19249e-08, 0.570806, 1.59834, 8.60687 )
script = ExtResource( 1 )

[node name="doggoCam" type="Spatial" parent="doggostiff"]
transform = Transform( -1.55003e-07, -0.297525, 0.954714, -5.20209e-08, 0.954714, 0.297525, -1, -3.54795e-09, -1.63461e-07, 12.6305, 6.56292, 1.54134e-07 )

[node name="InterpolatedCamera" type="InterpolatedCamera" parent="."]
transform = Transform( 0.996587, -0.0281569, -0.077596, 0.0817907, 0.463754, 0.882181, 0.011146, -0.885517, 0.464474, 0.0149956, 17.2915, 26.6942 )
target = NodePath("../doggostiff/doggoCam")
enabled = true

[node name="RigidBody" type="RigidBody" parent="."]
transform = Transform( 1, 0, 0, 0, 1, 0, 0, 0, 1, 9.154, 1.92773, -0.65269 )
script = ExtResource( 3 )

[node name="CollisionShape" type="CollisionShape" parent="RigidBody"]
transform = Transform( 2, 0, 0, 0, 2, 0, 0, 0, 2, 0, 0, 0 )
shape = SubResource( 4 )

[node name="MeshInstance" type="MeshInstance" parent="RigidBody"]
transform = Transform( 2, 0, 0, 0, 2, 0, 0, 0, 2, 0, 0, 0 )
mesh = SubResource( 5 )
material/0 = SubResource( 6 )

[node name="StaticBody" type="StaticBody" parent="."]
transform = Transform( 4.6932, 0, 0, 0, 0.325196, 0, 0, 0, 4.49797, -10.3834, 4.82995, -10.5505 )

[node name="CollisionShape" type="CollisionShape" parent="StaticBody"]
shape = SubResource( 7 )

[node name="MeshInstance" type="MeshInstance" parent="StaticBody"]
mesh = SubResource( 8 )
material/0 = SubResource( 9 )

[node name="StaticBody2" type="StaticBody" parent="."]
transform = Transform( 2.21234, 0, 0, 0, 0.952206, 0, 0, 0, 2.35348, -12.0705, 0.57617, -5.07473 )

[node name="CollisionShape" type="CollisionShape" parent="StaticBody2"]
shape = SubResource( 7 )

[node name="MeshInstance" type="MeshInstance" parent="StaticBody2"]
mesh = SubResource( 8 )
material/0 = SubResource( 9 )

[node name="DirectionalLight" type="DirectionalLight" parent="."]
transform = Transform( -0.685443, -0.224244, -0.692736, -0.666098, -0.191137, 0.720958, -0.294078, 0.955605, -0.0183549, -18.7796, 15.8626, -8.774 )
